Счет	Сальдо на начало периода		Обороты за период		Сальдо на конец периода	
	Дебет	Кредит	Дебет	Кредит	Дебет	Кредит
10			360 000,00	20 100,00	339 900,00	
10.01			360 000,00	20 100,00	339 900,00	
19			66 006,00	1 206,00	64 800,00	
19.03			64 800,00	1 206,00	63 594,00	
19.07			1 206,00		1 206,00	
20			28 500,00	28 500,00		
43			28 500,00	21 780,00	6 720,00	
60				424 800,00		424 800,00
60.01				424 800,00		424 800,00
62			2 180,00		2 180,00	
62.01			2 180,00		2 180,00	
68				180,00		180,00
68.02				180,00		180,00
90			13 560,00	13 560,00		
90.01				2 180,00		2 180,00
90.01.1				2 180,00		2 180,00
90.02			13 380,00		13 380,00	
90.02.1			13 380,00		13 380,00	
90.03			180,00		180,00	
90.09				11 380,00		11 380,00
99			11 380,00		11 380,00	
99.01			11 380,00		11 380,00	
99.01.1			11 380,00		11 380,00	
Итого			510 126,00	510 126,00	424 980,00	424 980,00