Счет	Сальдо на начало периода		Обороты за период		Сальдо на конец периода	
	Дебет	Кредит	Дебет	Кредит	Дебет	Кредит
10			269 000,00	52 900,00	216 100,00	
10.01			269 000,00	52 900,00	216 100,00	
19			39 600,00		39 600,00	
19.03			39 600,00		39 600,00	
20			6 300,00	6 300,00		
60				259 600,00		259 600,00
60.01				259 600,00		259 600,00
62			11 800,00		11 800,00	
62.01			11 800,00		11 800,00	
68				1 800,00		1 800,00
68.02				1 800,00		1 800,00
70				2 400,00		2 400,00
90			11 800,00	11 800,00		
90.01				11 800,00		11 800,00
90.01.1				11 800,00		11 800,00
90.02			6 300,00		6 300,00	
90.02.1			6 300,00		6 300,00	
90.03			1 800,00		1 800,00	
90.09			3 700,00		3 700,00	
99				3 700,00		3 700,00
99.01				3 700,00		3 700,00
99.01.1				3 700,00		3 700,00
Итого			338 500,00	338 500,00	267 500,00	267 500,00