Счет	Сальдо на начало периода		Обороты за период		Сальдо на конец периода	
	Дебет	Кредит	Дебет	Кредит	Дебет	Кредит
19			195,25	195,25		
19.03			180,00	180,00		
19.04			15,25	15,25		
43			1 000,00	1 000,00		
44			84,75	84,75		
44.02			84,75	84,75		
45			1 000,00	1 000,00		
45.02			1 000,00	1 000,00		
60				1 180,00		1 180,00
60.01				1 180,00		1 180,00
62			3 000,00	100,00	2 900,00	
62.01			3 000,00	100,00	2 900,00	
68			195,25		195,25	
68.02			195,25		195,25	
76			100,00	100,00		
76.05			100,00	100,00		
90			3 000,00	3 000,00		
90.01				3 000,00		3 000,00
90.01.1				3 000,00		3 000,00
90.02			1 000,00		1 000,00	
90.02.1			1 000,00		1 000,00	
90.07			84,75		84,75	
90.07.1			84,75		84,75	
90.09			1 915,25		1 915,25	
99				1 915,25		1 915,25
99.01				1 915,25		1 915,25
99.01.1				1 915,25		1 915,25
Итого			8 575,25	8 575,25	3 095,25	3 095,25